38.0 319.0 11.0 17.0 filled_note E 0.9301022436866118
38.0 354.0 11.0 17.0 filled_note E 0.9299534732630604
38.0 389.0 11.0 17.0 filled_note E 0.9297905577246106
38.0 755.0 11.0 17.0 filled_note E 0.9274966641789357
38.0 790.0 11.0 17.0 filled_note E 0.9273963325500066
38.0 825.0 11.0 17.0 filled_note E 0.9273308702740827
49.0 179.0 11.0 17.0 filled_note C 0.9378456249858657
49.0 214.0 11.0 17.0 filled_note C 0.9378303285244057
49.0 249.0 11.0 17.0 filled_note C 0.9298908893535399
49.0 424.0 11.0 17.0 filled_note C 0.9291303427106402
49.0 494.0 11.0 17.0 filled_note C 0.9288074722391844
49.0 615.0 11.0 17.0 filled_note C 0.9374013696912135
49.0 650.0 11.0 17.0 filled_note C 0.9373838527756708
49.0 685.0 11.0 17.0 filled_note C 0.9269828346563544
49.0 860.0 11.0 17.0 filled_note C 0.9265889096542468
49.0 929.0 11.0 17.0 filled_note C 0.9315452921233506
55.0 459.0 11.0 17.0 filled_note A 0.8971324480300665
55.0 894.0 11.0 17.0 filled_note A 0.8983980246182566
61.0 109.0 11.0 17.0 filled_note G 0.938301887180373
61.0 284.0 11.0 17.0 filled_note G 0.9302167204304393
61.0 545.0 11.0 17.0 filled_note G 0.937784768096187
61.0 720.0 11.0 17.0 filled_note G 0.9275076019712704
61.0 980.0 11.0 17.0 filled_note G 0.938122523833902
61.0 1082.0 11.0 17.0 filled_note G 0.897548906529163
78.0 144.0 11.0 17.0 filled_note D 0.9456179544272363
78.0 580.0 11.0 17.0 filled_note D 0.9450037932757253
89.0 1082.0 11.0 17.0 filled_note B 0.9449607000187099
136.0 459.0 11.0 17.0 filled_note G 0.9261047684251434
136.0 894.0 11.0 17.0 filled_note G 0.9287745766231418
140.0 109.0 11.0 17.0 filled_note F 0.8942083567200599
140.0 545.0 11.0 17.0 filled_note F 0.8906573572073265
140.0 980.0 11.0 17.0 filled_note F 0.8928621858725662
153.0 109.0 11.0 17.0 filled_note E 0.8865999296856214
153.0 545.0 11.0 17.0 filled_note E 0.8796774584847054
153.0 980.0 11.0 17.0 filled_note E 0.8827746629741342
170.0 459.0 11.0 17.0 filled_note B 0.9126428954721244
170.0 894.0 11.0 17.0 filled_note B 0.9201826529080752
193.0 1082.0 11.0 17.0 filled_note E 0.9375072113358297
34.0 1160.0 35.0 16.0 eighth_rest _ 0.8994862415554484
155.0 246.0 35.0 16.0 eighth_rest _ 0.8996443675509402
155.0 682.0 35.0 16.0 eighth_rest _ 0.8996443675509402
155.0 1160.0 35.0 16.0 eighth_rest _ 0.8996443675509402
38.0 1028.0 29.0 18.0 quarter_rest _ 0.8890923767899458
159.0 386.0 29.0 18.0 quarter_rest _ 0.8925328159962046
159.0 822.0 29.0 18.0 quarter_rest _ 0.8925328159962046
159.0 1028.0 29.0 18.0 quarter_rest _ 0.8925328159962046
